A =[1.3700   -0.5300   -0.0500   -0.4400    0.3000   -0.2100
   -0.5300    3.3500   -4.6300    9.8700  -11.5400    4.4500
   -0.0500   -4.6300   30.4400  -71.9700   79.4800  -32.0900
   -0.4400    9.8700  -71.9700  193.6400 -213.9400   84.7700
    0.3000  -11.5400   79.4800 -213.9400  244.0300  -96.8700
   -0.2100    4.4500  -32.0900   84.7700  -96.8700   42.1400];
x=[1 6 0 9 2 7]';
b=A*x;
x0=zeros(size(A,1),1);
[x1,k1]=iteration3(A,b,x0,1);
[x2,k2]=iteration3(A,b,x0,2);
[x3,k3]=iteration3(A,b,x0,3);
[x1, x2, x3]                                %三种方法解方程组的结果
[k1, k2, k3]                                %三种方法迭代次数